2 0.6604070512820512 0.4966274038461538 0.04266826923076923 0.07218509615384616
2 0.5843733974358974 0.6188605769230769 0.046519230769230764 0.05678605769230769
1 0.6360240384615384 0.635704326923077 0.025987179487179487 0.03464903846153846
1 0.565926282051282 0.7110168269230769 0.020532051282051284 0.04379086538461538
1 0.6531891025641026 0.5454735576923078 0.018607371794871794 0.02454326923076923
1 0.7467067307692308 0.3922019230769231 0.017645833333333333 0.03176201923076923
1 0.7110961538461538 0.3411923076923077 0.023419871794871792 0.028872596153846155
1 0.6368269230769231 0.3522596153846154 0.025024038461538462 0.023098557692307693
1 0.6355432692307692 0.3828173076923077 0.031440705128205126 0.04379086538461538
1 0.6268814102564102 0.2615480769230769 0.04234775641025641 0.06304086538461538
1 0.5243798076923077 0.3876298076923077 0.017645833333333333 0.03320432692307692