2 0.8020160256410256 0.8984759615384615 0.06275 0.07623317307692308
1 0.8424679487179487 0.8125192307692307 0.021262820512820513 0.03189423076923077
1 0.7753092948717949 0.9529302884615385 0.03630128205128205 0.052896634615384616
2 0.728948717948718 0.4726971153846154 0.02943910256410256 0.04991826923076923
1 0.6373028846153846 0.3621057692307692 0.028415064102564103 0.03148798076923077
1 0.724213141025641 0.33407451923076925 0.030719551282051283 0.03532692307692308
1 0.6398621794871795 0.3851466346153846 0.030463141025641027 0.039935096153846154
1 0.6550945512820513 0.5306802884615385 0.01740705128205128 0.02534375
1 0.5303782051282051 0.6209182692307692 0.03635096153846154 0.04991826923076923
1 0.6776217948717949 0.4905528846153846 0.020991987179487182 0.034942307692307696
1 0.5803525641025641 0.5013846153846154 0.02622275641025641 0.02441346153846154