1 0.6189879807692307 0.6400272435897436 0.03600240384615385 0.026240384615384617
1 0.5222620192307693 0.6781089743589743 0.02784134615384615 0.021761217948717947
1 0.4709014423076923 0.6459487179487179 0.020161057692307693 0.015040064102564102
1 0.5304230769230769 0.7267516025641027 0.04704086538461538 0.03008173076923077
1 0.6612283653846154 0.7233910256410256 0.03984134615384616 0.02848076923076923
1 0.6487475961538461 0.6381073717948718 0.02736057692307692 0.02048076923076923
1 0.12816586538461539 0.7617932692307693 0.043201923076923075 0.03360096153846154
2 0.16800721153846154 0.8144358974358974 0.07200240384615383 0.04928205128205128
2 0.9847211538461538 0.029870192307692306 0.03055528846153846 0.030775641025641023
2 0.7051658653846153 0.6145176282051282 0.017423076923076923 0.02228846153846154
1 0.3023149038461539 0.5744919871794871 0.022603365384615385 0.016951923076923076
1 0.39230528846153845 0.5351025641025641 0.029966346153846152 0.019333333333333334
1 0.4988798076923077 0.5786746794871794 0.024278846153846154 0.022256410256410255
0 0.5151850961538462 0.6586025641025641 0.055838942307692305 0.022532051282051282