1 0.7195464743589745 0.4653509615384615 0.021091346153846155 0.022807692307692307
1 0.6746666666666666 0.4699495192307692 0.01569551282051282 0.02979807692307692
1 0.6577435897435897 0.48356009615384615 0.02746794871794872 0.0548125
1 0.6399647435897436 0.5278870192307693 0.013979166666666668 0.019865384615384615
1 0.6409455128205128 0.37926923076923075 0.024278846153846154 0.03310817307692308
1 0.6382467948717948 0.35775 0.015940705128205127 0.020233173076923076
1 0.5889775641025641 0.7119903846153847 0.019995192307692308 0.03390384615384615
1 0.027049679487179484 0.02266826923076923 0.02750320512820513 0.03898798076923077
2 0.625125 0.2722331730769231 0.03150801282051282 0.07183894230769232
1 0.5248301282051282 0.3814831730769231 0.016408653846153847 0.03126442307692308
1 0.7159423076923076 0.34484855769230766 0.020413461538461537 0.03256490384615385